10
2 7
69974 15220 26230 26121 58463 29613 8388
0 56577 77488 72783 68269 35751 14960
56577 0 64303 79185 2206 16922 71055
77488 64303 0 44219 38773 46239 97614
72783 79185 44219 0 54175 28442 20533
68269 2206 38773 54175 0 18445 33140
35751 16922 46239 28442 18445 0 94083
14960 71055 97614 20533 33140 94083 0
4 15
50352 65558 46739 20476 51308 85945 45306 60463 63223 74574 48909 51270 15975 87673 91334
0 73063 82034 95496 45315 79264 68756 5142 30105 61207 17488 1869 37331 80020 67186
73063 0 44746 29120 34886 63565 10762 69876 24987 21557 56337 27238 32490 87046 3907
82034 44746 0 88946 90282 92283 21742 39192 31000 36440 1950 40922 44245 12385 17062
95496 29120 88946 0 76546 9733 43968 84158 54458 80433 44130 89152 18866 32549 82011
45315 34886 90282 76546 0 78249 71806 65331 24862 1374 39381 40751 70 80101 16307
79264 63565 92283 9733 78249 0 63761 10672 44552 47031 49622 42814 12502 30726 99264
68756 10762 21742 43968 71806 63761 0 73013 21153 59334 90545 44992 56161 62884 17939
5142 69876 39192 84158 65331 10672 73013 0 55435 36175 13616 73043 48009 59019 20635
30105 24987 31000 54458 24862 44552 21153 55435 0 52225 75534 13815 63 8530 83830
61207 21557 36440 80433 1374 47031 59334 36175 52225 0 80249 84599 72287 79708 52189
17488 56337 1950 44130 39381 49622 90545 13616 75534 80249 0 16195 57987 75204 41104
1869 27238 40922 89152 40751 42814 44992 73043 13815 84599 16195 0 43110 38529 72498
37331 32490 44245 18866 70 12502 56161 48009 63 72287 57987 43110 0 81830 16519
80020 87046 12385 32549 80101 30726 62884 59019 8530 79708 75204 38529 81830 0 33915
67186 3907 17062 82011 16307 99264 17939 20635 83830 52189 41104 72498 16519 33915 0
5 15
8895 70289 12112 30692 92952 34818 61862 20308 7348 25536 81754 29662 24738 66534 85436
0 46548 53942 37823 49377 82419 55745 70700 8187 73407 14026 55245 61978 67960 91863
46548 0 89942 81765 29028 72497 99133 25639 75147 55813 32221 59568 90585 65062 16628
53942 89942 0 66452 99680 5673 56101 52714 22708 65159 3959 10670 5485 92159 45205
37823 81765 66452 0 41760 97512 66097 83276 97634 81766 63972 64432 60350 69707 99425
49377 29028 99680 41760 0 6550 50942 70048 35542 64123 13778 9330 71573 90300 27566
82419 72497 5673 97512 6550 0 13905 85330 60284 30089 29362 24040 95746 3967 24429
55745 99133 56101 66097 50942 13905 0 67060 65304 40304 98464 95448 87309 50367 36714
70700 25639 52714 83276 70048 85330 67060 0 75226 46996 91316 56144 68995 29122 22202
8187 75147 22708 97634 35542 60284 65304 75226 0 43132 3552 31924 82657 7097 5476
73407 55813 65159 81766 64123 30089 40304 46996 43132 0 83623 91229 11384 79972 31389
14026 32221 3959 63972 13778 29362 98464 91316 3552 83623 0 90117 25390 1721 24223
55245 59568 10670 64432 9330 24040 95448 56144 31924 91229 90117 0 51061 68660 73922
61978 90585 5485 60350 71573 95746 87309 68995 82657 11384 25390 51061 0 99830 51629
67960 65062 92159 69707 90300 3967 50367 29122 7097 79972 1721 68660 99830 0 67174
91863 16628 45205 99425 27566 24429 36714 22202 5476 31389 24223 73922 51629 67174 0
5 16
36976 11612 11727 38980 91875 64572 67608 1027 77585 57043 46556 70007 63849 25336 37245 35256
0 86030 66739 5395 24448 93877 31998 19945 58621 19529 30203 46574 98447 50209 29000 83886
86030 0 29942 51738 3239 41494 68757 18772 30942 53210 90964 46006 56021 58864 20094 91334
66739 29942 0 53948 3539 89507 34833 27235 10882 33367 58761 82816 11614 46034 19810 84268
5395 51738 53948 0 91919 47854 18548 58534 4384 8652 93916 56207 53022 70447 75099 27436
24448 3239 3539 91919 0 86653 11294 14357 15719 20563 30407 79796 15982 92219 59575 97443
93877 41494 89507 47854 86653 0 34099 74419 96035 60627 74826 13150 16322 76761 37742 41187
31998 68757 34833 18548 11294 34099 0 71216 2093 58717 83692 29229 58189 82679 1448 88348
19945 18772 27235 58534 14357 74419 71216 0 14648 47075 60458 83653 54644 66121 22856 90483
58621 30942 10882 4384 15719 96035 2093 14648 0 69448 31225 48092 12183 93379 75587 2118
19529 53210 33367 8652 20563 60627 58717 47075 69448 0 93155 51379 71197 12200 30767 110
30203 90964 58761 93916 30407 74826 83692 60458 31225 93155 0 83488 56233 52183 42957 19371
46574 46006 82816 56207 79796 13150 29229 83653 48092 51379 83488 0 65235 17755 31788 84095
98447 56021 11614 53022 15982 16322 58189 54644 12183 71197 56233 65235 0 51573 78270 27947
50209 58864 46034 70447 92219 76761 82679 66121 93379 12200 52183 17755 51573 0 35425 30017
29000 20094 19810 75099 59575 37742 1448 22856 75587 30767 42957 31788 78270 35425 0 73480
83886 91334 84268 27436 97443 41187 88348 90483 2118 110 19371 84095 27947 30017 73480 0
5 17
63420 8844 27253 60727 40473 3223 63311 17438 64868 11275 2851 55545 87591 92182 73581 92342 35149
0 67810 35427 48801 71714 31443 5874 27604 15701 41081 79016 99971 372 19221 87944 91523 37895
67810 0 41483 39198 73960 29977 76004 63543 73646 82747 44141 75748 64692 83583 64342 78651 26811
35427 41483 0 41917 69524 31926 68043 67986 22367 86290 90479 78236 78644 45168 49588 35871 4436
48801 39198 41917 0 44824 83982 42339 18500 47633 90003 96755 71787 76650 33566 27423 57047 22645
71714 73960 69524 44824 0 14478 31963 69305 8006 324 60191 41380 34073 65800 9253 80593 91273
31443 29977 31926 83982 14478 0 49124 46830 54462 4761 71560 81373 44042 96143 36388 60314 99003
5874 76004 68043 42339 31963 49124 0 2164 4849 51569 73401 78806 23049 86064 94000 51238 54858
27604 63543 67986 18500 69305 46830 2164 0 59436 67090 62170 41783 71421 27570 87564 76535 46397
15701 73646 22367 47633 8006 54462 4849 59436 0 73674 70809 30292 34861 55766 39203 21661 85328
41081 82747 86290 90003 324 4761 51569 67090 73674 0 90423 67407 58629 46254 14961 74408 77185
79016 44141 90479 96755 60191 71560 73401 62170 70809 90423 0 24051 83629 87450 82062 27053 31703
99971 75748 78236 71787 41380 81373 78806 41783 30292 67407 24051 0 56119 52809 56753 92225 88886
372 64692 78644 76650 34073 44042 23049 71421 34861 58629 83629 56119 0 99732 68663 17055 8015
19221 83583 45168 33566 65800 96143 86064 27570 55766 46254 87450 52809 99732 0 68472 93145 30025
87944 64342 49588 27423 9253 36388 94000 87564 39203 14961 82062 56753 68663 68472 0 30113 32894
91523 78651 35871 57047 80593 60314 51238 76535 21661 74408 27053 92225 17055 93145 30113 0 74744
37895 26811 4436 22645 91273 99003 54858 46397 85328 77185 31703 88886 8015 30025 32894 74744 0
6 18
37952 39992 37670 28654 20850 44636 86317 83909 23279 56089 18992 37483 34556 98084 66790 73913 478 5723
0 14537 50889 42763 76551 6138 61820 95117 1194 33795 61675 29498 24526 73697 91042 14320 19185 53270
14537 0 73199 23251 2802 49159 14852 79147 45942 49919 73304 1091 60679 30506 99430 55692 75664 10075
50889 73199 0 36140 53688 2050 30599 78286 87360 74323 91527 9681 10974 47481 55930 76256 76979 25683
42763 23251 36140 0 23808 56075 2274 52545 86240 75011 32276 80423 82723 767 76626 24461 11799 57049
76551 2802 53688 23808 0 62734 40002 23629 40114 37498 22325 45787 94986 50447 53498 61371 10793 59367
6138 49159 2050 56075 62734 0 20939 95722 13593 52355 32004 61738 86153 62630 51142 14561 88140 2169
61820 14852 30599 2274 40002 20939 0 43765 77623 27544 24485 34266 956 1095 32700 12194 64223 73561
95117 79147 78286 52545 23629 95722 43765 0 23056 73885 55672 5936 99194 47456 24480 2163 1140 58915
1194 45942 87360 86240 40114 13593 77623 23056 0 34739 61868 11007 22691 13013 3530 13631 71745 7818
33795 49919 74323 75011 37498 52355 27544 73885 34739 0 3295 40570 39842 96220 78563 18780 26349 23737
61675 73304 91527 32276 22325 32004 24485 55672 61868 3295 0 12623 74774 66288 32818 97123 23866 23035
29498 1091 9681 80423 45787 61738 34266 5936 11007 40570 12623 0 41789 91457 44033 65923 2836 36623
24526 60679 10974 82723 94986 86153 956 99194 22691 39842 74774 41789 0 90821 30657 77492 11673 99080
73697 30506 47481 767 50447 62630 1095 47456 13013 96220 66288 91457 90821 0 41201 48000 62253 45547
91042 99430 55930 76626 53498 51142 32700 24480 3530 78563 32818 44033 30657 41201 0 95859 78811 46749
14320 55692 76256 24461 61371 14561 12194 2163 13631 18780 97123 65923 77492 48000 95859 0 51063 29709
19185 75664 76979 11799 10793 88140 64223 1140 71745 26349 23866 2836 11673 62253 78811 51063 0 44593
53270 10075 25683 57049 59367 2169 73561 58915 7818 23737 23035 36623 99080 45547 46749 29709 44593 0
6 18
55530 78556 28030 26870 33862 40249 47975 6233 97753 11951 83547 16812 4453 46542 12575 80721 75440 34471
0 12037 29198 23521 58044 88460 38091 64274 460 74875 79477 11045 36241 29942 46198 7184 94999 66374
12037 0 41468 63054 38767 55352 94712 65469 47628 17339 89536 55649 40708 54406 99790 55583 62261 34160
29198 41468 0 74304 71618 10301 51702 70038 79769 55905 86617 9910 80663 12391 27037 87051 84786 40539
23521 63054 74304 0 22284 65218 92197 60014 52081 10700 1710 5619 10781 73118 90576 28800 33829 79700
58044 38767 71618 22284 0 46450 79539 23745 16330 60254 33770 79022 22561 49091 46634 46062 1984 35444
88460 55352 10301 65218 46450 0 76761 15811 74225 32134 27300 97880 80192 85654 54009 1368 63615 88961
38091 94712 51702 92197 79539 76761 0 59918 5748 84165 66826 63481 34849 35626 51319 57589 15576 16012
64274 65469 70038 60014 23745 15811 59918 0 52628 47172 44949 25933 26031 99335 9272 72179 34426 21895
460 47628 79769 52081 16330 74225 5748 52628 0 8167 55623 7917 75568 19402 25846 78017 7217 16365
74875 17339 55905 10700 60254 32134 84165 47172 8167 0 73491 30646 53821 85922 56019 14862 85261 98973
79477 89536 86617 1710 33770 27300 66826 44949 55623 73491 0 72432 27407 60988 70837 44102 91173 57513
11045 55649 9910 5619 79022 97880 63481 25933 7917 30646 72432 0 81194 71577 1789 68825 69465 10573
36241 40708 80663 10781 22561 80192 34849 26031 75568 53821 27407 81194 0 2923 94194 80585 96493 53446
29942 54406 12391 73118 49091 85654 35626 99335 19402 85922 60988 71577 2923 0 28673 90339 86149 37639
46198 99790 27037 90576 46634 54009 51319 9272 25846 56019 70837 1789 94194 28673 0 10741 74769 59367
7184 55583 87051 28800 46062 1368 57589 72179 78017 14862 44102 68825 80585 90339 10741 0 69325 95457
94999 62261 84786 33829 1984 63615 15576 34426 7217 85261 91173 69465 96493 86149 74769 69325 0 35974
66374 34160 40539 79700 35444 88961 16012 21895 16365 98973 57513 10573 53446 37639 59367 95457 35974 0
5 18
27633 55142 43458 92012 71986 89082 82312 85316 80754 8422 81177 2590 60345 30682 88911 70828 97043 78149
0 89881 70666 41059 52849 34326 45953 2252 81030 42021 69667 59356 88359 10041 23200 83273 50228 83147
89881 0 43661 21100 26997 66742 28419 38692 75476 19545 27294 21362 18720 59961 76382 73243 74412 15228
70666 43661 0 51209 9098 25678 66639 6118 78187 23713 44705 36964 3504 84835 94662 83121 26160 50039
41059 21100 51209 0 28276 79139 77891 6019 17321 72179 53063 26867 46116 85181 12735 59413 1255 10530
52849 26997 9098 28276 0 54926 78140 57436 54182 26752 81469 717 69682 55106 65813 98185 60690 46309
34326 66742 25678 79139 54926 0 42113 41766 66648 48319 99395 61850 16599 76330 94404 38881 2378 9923
45953 28419 66639 77891 78140 42113 0 66733 21114 459 58988 5292 20330 29212 67050 21814 68247 74401
2252 38692 6118 6019 57436 41766 66733 0 68327 7039 16046 31075 66130 42915 24382 40303 77722 90049
81030 75476 78187 17321 54182 66648 21114 68327 0 26715 20309 85815 67611 47132 49386 71169 61367 78621
42021 19545 23713 72179 26752 48319 459 7039 26715 0 15654 79031 94720 37853 51303 66937 81062 61985
69667 27294 44705 53063 81469 99395 58988 16046 20309 15654 0 24652 27790 57146 89391 43834 36223 86483
59356 21362 36964 26867 717 61850 5292 31075 85815 79031 24652 0 33204 29243 52410 35084 38847 88954
88359 18720 3504 46116 69682 16599 20330 66130 67611 94720 27790 33204 0 97712 57475 65668 49544 19159
10041 59961 84835 85181 55106 76330 29212 42915 47132 37853 57146 29243 97712 0 81468 24346 22682 74345
23200 76382 94662 12735 65813 94404 67050 24382 49386 51303 89391 52410 57475 81468 0 76828 53949 2281
83273 73243 83121 59413 98185 38881 21814 40303 71169 66937 43834 35084 65668 24346 76828 0 22115 33198
50228 74412 26160 1255 60690 2378 68247 77722 61367 81062 36223 38847 49544 22682 53949 22115 0 66892
83147 15228 50039 10530 46309 9923 74401 90049 78621 61985 86483 88954 19159 74345 2281 33198 66892 0
5 18
42481 89549 79750 83144 75366 11239 35285 78338 12707 54063 15108 9275 58848 76121 79467 14810 30455 89758
0 30472 86529 18962 31583 50375 7604 66249 22528 22707 70273 17106 90855 72758 16232 83913 8660 9824
30472 0 73291 28975 18254 25313 14132 69960 7390 58866 12013 76029 13010 48044 21478 15867 98939 87023
86529 73291 0 29203 32306 81871 22877 44491 50710 73128 23453 95850 54082 23235 39449 58127 37456 91522
18962 28975 29203 0 9504 55231 25282 83627 89700 60353 37052 36518 84573 77408 63400 99747 35332 43500
31583 18254 32306 9504 0 35825 82801 89753 28920 92328 60584 28445 74526 23906 13664 44601 47095 60695
50375 25313 81871 55231 35825 0 52856 7478 58787 89893 15921 27362 11719 14987 30768 78033 91114 88591
7604 14132 22877 25282 82801 52856 0 56415 15034 99287 77784 46732 91030 16286 48309 29704 61860 23603
66249 69960 44491 83627 89753 7478 56415 0 44564 40905 91880 32589 9259 88841 88839 72200 96435 88613
22528 7390 50710 89700 28920 58787 15034 44564 0 82828 52323 45832 11423 27207 22979 33131 13309 72105
22707 58866 73128 60353 92328 89893 99287 40905 82828 0 54511 66559 6919 2569 31730 89903 1485 45058
70273 12013 23453 37052 60584 15921 77784 91880 52323 54511 0 70780 54471 16894 18770 55841 8151 49842
17106 76029 95850 36518 28445 27362 46732 32589 45832 66559 70780 0 13564 96344 21875 98882 72551 80253
90855 13010 54082 84573 74526 11719 91030 9259 11423 6919 54471 13564 0 30549 36714 94238 30352 94201
72758 48044 23235 77408 23906 14987 16286 88841 27207 2569 16894 96344 30549 0 1230 70158 28404 10336
16232 21478 39449 63400 13664 30768 48309 88839 22979 31730 18770 21875 36714 1230 0 96882 70827 57776
83913 15867 58127 99747 44601 78033 29704 72200 33131 89903 55841 98882 94238 70158 96882 0 57454 90432
8660 98939 37456 35332 47095 91114 61860 96435 13309 1485 8151 72551 30352 28404 70827 57454 0 27626
9824 87023 91522 43500 60695 88591 23603 88613 72105 45058 49842 80253 94201 10336 57776 90432 27626 0
5 18
97199 31757 73694 71691 56617 85814 6085 82791 3852 34299 18477 63372 66759 98207 26550 80543 84364 34986
0 46152 16905 68808 52313 221 60151 82808 32492 84271 68694 94478 23324 52169 29822 96629 83888 27352
46152 0 55273 42909 48854 96588 54004 87642 14143 76413 15812 30531 54334 68932 90207 82740 19852 10430
16905 55273 0 21359 75693 91015 18892 54626 30961 86446 59189 77325 98984 67047 63746 73220 16445 62714
68808 42909 21359 0 60033 88963 63552 78771 15460 87337 13189 37604 10623 99800 24515 41792 57485 59606
52313 48854 75693 60033 0 99991 3777 96620 71791 88798 12931 28604 70224 73150 47335 2659 40365 43102
221 96588 91015 88963 99991 0 85137 79404 82748 46953 91370 65412 54264 95632 29535 16316 37280 95492
60151 54004 18892 63552 3777 85137 0 48959 24681 41557 20160 66305 90823 13983 38461 70940 47378 87881
82808 87642 54626 78771 96620 79404 48959 0 88732 34382 96075 22592 83232 31126 20154 23960 14032 75097
32492 14143 30961 15460 71791 82748 24681 88732 0 92518 20775 85018 10496 97374 5832 29291 77848 60979
84271 76413 86446 87337 88798 46953 41557 34382 92518 0 41721 92536 8433 28220 84253 96120 76704 84561
68694 15812 59189 13189 12931 91370 20160 96075 20775 41721 0 65051 90120 82526 13392 95677 95205 65350
94478 30531 77325 37604 28604 65412 66305 22592 85018 92536 65051 0 18107 79218 32405 27355 41848 93517
23324 54334 98984 10623 70224 54264 90823 83232 10496 8433 90120 18107 0 68895 87967 6480 28612 50222
52169 68932 67047 99800 73150 95632 13983 31126 97374 28220 82526 79218 68895 0 76413 18129 21041 90099
29822 90207 63746 24515 47335 29535 38461 20154 5832 84253 13392 32405 87967 76413 0 17792 55788 6772
96629 82740 73220 41792 2659 16316 70940 23960 29291 96120 95677 27355 6480 18129 17792 0 59616 20473
83888 19852 16445 57485 40365 37280 47378 14032 77848 76704 95205 41848 28612 21041 55788 59616 0 29879
27352 10430 62714 59606 43102 95492 87881 75097 60979 84561 65350 93517 50222 90099 6772 20473 29879 0
